{
  "advancedEditorSelectedIdentifier" : "ProjectBrowser",
  "openSceneRelativePaths" : [
    "Immersive.usda",
    "VehicleScene.usda",
    "SmallVehicleScene.usda"
  ],
  "recentIdentifiers" : {
    "5EFD1FBC-EA16-49B8-B101-E0C8A3D6DFBF" : [

    ],
    "AF09ED6F-1707-48FD-8720-65B998362C09" : [

    ],
    "DE6DB9FE-FF0D-4EBD-8CC0-929F961A1235" : [

    ]
  },
  "sceneCameraHistory" : {
    "5EFD1FBC-EA16-49B8-B101-E0C8A3D6DFBF" : [
      {
        "date" : 714598183.12327898,
        "title" : "Untitled",
        "transform" : [
          0.97826403379440308,
          3.9627578996004331e-10,
          0.20736326277256012,
          0,
          0.045273300260305405,
          0.9758753776550293,
          -0.21358288824558258,
          0,
          -0.20236067473888397,
          0.21832847595214844,
          0.95466369390487671,
          0,
          -1.7671836614608765,
          2.1069591045379639,
          5.7279458045959473,
          1
        ]
      },
      {
        "date" : 714595377.17222798,
        "title" : "Untitled",
        "transform" : [
          0.99991703033447266,
          2.3342705546269826e-10,
          0.012881572358310223,
          0,
          0.0033117446582764387,
          0.96638703346252441,
          -0.25707045197486877,
          0,
          -0.012448569759726524,
          0.25709179043769836,
          0.96630680561065674,
          0,
          -0.61702561378479004,
          2.3439531326293945,
          5.89739990234375,
          1
        ]
      },
      {
        "date" : 714595298.68067503,
        "title" : "Untitled",
        "transform" : [
          0.99991703033447266,
          2.3342705546269826e-10,
          0.012881572358310223,
          0,
          0.0033117446582764387,
          0.96638703346252441,
          -0.25707045197486877,
          0,
          -0.012448569759726524,
          0.25709179043769836,
          0.96630680561065674,
          0,
          -0.35819476842880249,
          0.94768303632736206,
          1.7554723024368286,
          1
        ]
      },
      {
        "date" : 714595288.29081404,
        "title" : "Untitled",
        "transform" : [
          0.99991703033447266,
          2.3342705546269826e-10,
          0.012881572358310223,
          0,
          0.0033117446582764387,
          0.96638703346252441,
          -0.25707045197486877,
          0,
          -0.012448569759726524,
          0.25709179043769836,
          0.96630680561065674,
          0,
          -0.55624783039093018,
          1.1523400545120239,
          2.7373871803283691,
          1
        ]
      },
      {
        "date" : 714595281.85251606,
        "title" : "Untitled",
        "transform" : [
          0.99991703033447266,
          2.3342705546269826e-10,
          0.012881572358310223,
          0,
          0.0033117446582764387,
          0.96638703346252441,
          -0.25707045197486877,
          0,
          -0.012448569759726524,
          0.25709179043769836,
          0.96630680561065674,
          0,
          -1.2284791469573975,
          0.86646664142608643,
          2.8047857284545898,
          1
        ]
      },
      {
        "date" : 714595260.20349097,
        "title" : "Untitled",
        "transform" : [
          0.99991703033447266,
          2.3342705546269826e-10,
          0.012881572358310223,
          0,
          0.0033117446582764387,
          0.96638703346252441,
          -0.25707045197486877,
          0,
          -0.012448569759726524,
          0.25709179043769836,
          0.96630680561065674,
          0,
          -0.18575854599475861,
          1.3236403465270996,
          5.753699779510498,
          1
        ]
      },
      {
        "date" : 714595215.45475805,
        "title" : "Untitled",
        "transform" : [
          0.97872662544250488,
          6.2918847909543274e-10,
          -0.20516857504844666,
          0,
          -0.14236050844192505,
          0.72009944915771484,
          -0.67910993099212646,
          0,
          0.14774177968502045,
          0.6938709020614624,
          0.7047804594039917,
          0,
          1.1537908315658569,
          5.1207871437072754,
          6.8557929992675781,
          1
        ]
      },
      {
        "date" : 714595206.57075405,
        "title" : "Untitled",
        "transform" : [
          1,
          0,
          0,
          0,
          0,
          0.86709576845169067,
          -0.49814146757125854,
          0,
          0,
          0.49814146757125854,
          0.86709576845169067,
          0,
          -0.075691796839237213,
          0.89508461952209473,
          2.1785573959350586,
          1
        ]
      },
      {
        "date" : 714595196.34157002,
        "title" : "Untitled",
        "transform" : [
          1,
          0,
          0,
          0,
          0,
          0.86709576845169067,
          -0.49814146757125854,
          0,
          0,
          0.49814146757125854,
          0.86709576845169067,
          0,
          -0.27000558376312256,
          3.1929199695587158,
          7.7712864875793457,
          1
        ]
      },
      {
        "date" : 714595192.68135202,
        "title" : "Untitled",
        "transform" : [
          1,
          0,
          0,
          0,
          0,
          0.86602544784545898,
          -0.49999988079071045,
          0,
          0,
          0.49999988079071045,
          0.86602544784545898,
          0,
          0,
          0.14796805381774902,
          0.25628820061683655,
          1
        ]
      }
    ],
    "6552548C-E595-4890-BD23-A02C86964157" : [
      {
        "date" : 714595187.11749804,
        "title" : "Untitled",
        "transform" : [
          0.99999666213989258,
          0,
          0.0025939913466572762,
          0,
          0.0012969953240826726,
          0.86602544784545898,
          -0.49999821186065674,
          0,
          -0.002246462507173419,
          0.49999988079071045,
          0.86602258682250977,
          0,
          -0.00090926024131476879,
          0.2023758590221405,
          0.35052511096000671,
          1
        ]
      },
      {
        "date" : 714595185.28122306,
        "title" : "Untitled",
        "transform" : [
          0.99999666213989258,
          0,
          0.0025939913466572762,
          0,
          0.0012969953240826726,
          0.86602544784545898,
          -0.49999821186065674,
          0,
          -0.002246462507173419,
          0.49999988079071045,
          0.86602258682250977,
          0,
          -0.0039031882770359516,
          0.86874091625213623,
          1.5046985149383545,
          1
        ]
      },
      {
        "date" : 714595144.67621696,
        "title" : "Untitled",
        "transform" : [
          1,
          0,
          0,
          0,
          0,
          0.86602544784545898,
          -0.49999988079071045,
          0,
          0,
          0.49999988079071045,
          0.86602544784545898,
          0,
          0,
          0.22195227444171906,
          0.38443264365196228,
          1
        ]
      }
    ],
    "AF09ED6F-1707-48FD-8720-65B998362C09" : [
      {
        "date" : 714595127.60344601,
        "title" : "Untitled",
        "transform" : [
          1,
          0,
          0,
          0,
          0,
          0.86602497100830078,
          -0.5000007152557373,
          0,
          0,
          0.5000007152557373,
          0.86602497100830078,
          0,
          -0.037080347537994385,
          3.3748178482055664,
          7.0675344467163086,
          1
        ]
      },
      {
        "date" : 714595118.610618,
        "title" : "Untitled",
        "transform" : [
          1,
          0,
          0,
          0,
          0,
          0.86602497100830078,
          -0.5000007152557373,
          0,
          0,
          0.5000007152557373,
          0.86602497100830078,
          0,
          1.211665153503418,
          8.1336870193481445,
          13.436797142028809,
          1
        ]
      },
      {
        "date" : 714595100.18719101,
        "title" : "Untitled",
        "transform" : [
          1,
          0,
          0,
          0,
          0,
          0.86602497100830078,
          -0.5000007152557373,
          0,
          0,
          0.5000007152557373,
          0.86602497100830078,
          0,
          2.5397005081176758,
          1.6615691184997559,
          2.5253372192382812,
          1
        ]
      },
      {
        "date" : 714595041.50522006,
        "title" : "Untitled",
        "transform" : [
          1,
          0,
          0,
          0,
          0,
          0.86602497100830078,
          -0.5000007152557373,
          0,
          0,
          0.5000007152557373,
          0.86602497100830078,
          0,
          0.28965684771537781,
          3.6566343307495117,
          3.6381025314331055,
          1
        ]
      },
      {
        "date" : 714595015.43097997,
        "title" : "Untitled",
        "transform" : [
          1,
          0,
          0,
          0,
          0,
          0.86602497100830078,
          -0.5000007152557373,
          0,
          0,
          0.5000007152557373,
          0.86602497100830078,
          0,
          0,
          1.7508888244628906,
          1.9227216243743896,
          1
        ]
      },
      {
        "date" : 714490876.07882595,
        "title" : "Untitled",
        "transform" : [
          1,
          0,
          0,
          0,
          0,
          0.86602497100830078,
          -0.5000007152557373,
          0,
          0,
          0.5000007152557373,
          0.86602497100830078,
          0,
          0,
          3.3401229381561279,
          3.6679236888885498,
          1
        ]
      }
    ],
    "DE6DB9FE-FF0D-4EBD-8CC0-929F961A1235" : [
      {
        "date" : 714878493.32918,
        "title" : "Untitled",
        "transform" : [
          0.87504702806472778,
          1.2448673203380167e-09,
          0.48403787612915039,
          0,
          0.0772562175989151,
          0.98718059062957764,
          -0.13966420292854309,
          0,
          -0.47783288359642029,
          0.15960772335529327,
          0.86382937431335449,
          0,
          -0.10402651131153107,
          0.13384881615638733,
          0.33166146278381348,
          1
        ]
      },
      {
        "date" : 714878489.35776496,
        "title" : "Untitled",
        "transform" : [
          0.87504702806472778,
          1.2448673203380167e-09,
          0.48403787612915039,
          0,
          0.0772562175989151,
          0.98718059062957764,
          -0.13966420292854309,
          0,
          -0.47783288359642029,
          0.15960772335529327,
          0.86382937431335449,
          0,
          -0.26547521352767944,
          0.069581300020217896,
          0.25422960519790649,
          1
        ]
      },
      {
        "date" : 714878487.83942699,
        "title" : "Untitled",
        "transform" : [
          0.87504702806472778,
          1.2448673203380167e-09,
          0.48403787612915039,
          0,
          0.0772562175989151,
          0.98718059062957764,
          -0.13966420292854309,
          0,
          -0.47783288359642029,
          0.15960772335529327,
          0.86382937431335449,
          0,
          -0.34007549285888672,
          0.076263584196567535,
          0.44964519143104553,
          1
        ]
      },
      {
        "date" : 714878454.20595002,
        "title" : "Untitled",
        "transform" : [
          0.87504702806472778,
          1.2448673203380167e-09,
          0.48403787612915039,
          0,
          0.0772562175989151,
          0.98718059062957764,
          -0.13966420292854309,
          0,
          -0.47783288359642029,
          0.15960772335529327,
          0.86382937431335449,
          0,
          -0.23449751734733582,
          0.12335143238306046,
          0.49934601783752441,
          1
        ]
      },
      {
        "date" : 714878442.17621398,
        "title" : "Untitled",
        "transform" : [
          0.99725562334060669,
          1.8198115236955914e-09,
          0.074035316705703735,
          0,
          0.016824319958686829,
          0.97383731603622437,
          -0.22662279009819031,
          0,
          -0.072098419070243835,
          0.2272464781999588,
          0.97116470336914062,
          0,
          -0.019360031932592392,
          0.15551316738128662,
          0.47585761547088623,
          1
        ]
      },
      {
        "date" : 714878422.48969603,
        "title" : "Untitled",
        "transform" : [
          0.30279010534286499,
          1.8169670212841993e-09,
          0.95305728912353516,
          0,
          0.20545990765094757,
          0.97648626565933228,
          -0.065275371074676514,
          0,
          -0.93064731359481812,
          0.21557983756065369,
          0.29567030072212219,
          0,
          -0.45056021213531494,
          0.1498076468706131,
          0.15985246002674103,
          1
        ]
      },
      {
        "date" : 714877729.55095398,
        "title" : "Untitled",
        "transform" : [
          0.99984335899353027,
          1.8284208591623496e-09,
          0.017699984833598137,
          0,
          0.0035652345977723598,
          0.97950452566146851,
          -0.20139080286026001,
          0,
          -0.017337288707494736,
          0.20142239332199097,
          0.97935104370117188,
          0,
          0.0074068908579647541,
          0.14286765456199646,
          0.48122355341911316,
          1
        ]
      },
      {
        "date" : 714877438.21830797,
        "title" : "Untitled",
        "transform" : [
          0.85720020532608032,
          2.2670008092973148e-09,
          0.51498329639434814,
          0,
          0.073275528848171234,
          0.98982542753219604,
          -0.12196849286556244,
          0,
          -0.50974363088607788,
          0.14228712022304535,
          0.84847855567932129,
          0,
          -0.23803453147411346,
          0.11374819278717041,
          0.42713353037834167,
          1
        ]
      },
      {
        "date" : 714877361.20477903,
        "title" : "Untitled",
        "transform" : [
          0.10724238306283951,
          -2.090644102281658e-09,
          0.9942328929901123,
          0,
          0.83053290843963623,
          0.54971784353256226,
          -0.089584976434707642,
          0,
          -0.54654759168624878,
          0.83535045385360718,
          0.058953031897544861,
          0,
          -0.23577462136745453,
          0.44128742814064026,
          0.041447475552558899,
          1
        ]
      },
      {
        "date" : 714877357.47239995,
        "title" : "Untitled",
        "transform" : [
          0.99716776609420776,
          -1.153941386888846e-09,
          -0.0752100870013237,
          0,
          -0.011332204565405846,
          0.98858362436294556,
          -0.15024696290493011,
          0,
          0.074351437389850616,
          0.15067365765571594,
          0.98578357696533203,
          0,
          -0.03482360765337944,
          0.12487252801656723,
          0.57310658693313599,
          1
        ]
      }
    ]
  },
  "selectedSceneRelativePath" : "SmallVehicleScene.usda"
}