{
  "advancedEditorSelectedIdentifier" : "ProjectBrowser",
  "openSceneRelativePaths" : [
    "Immersive.usda",
    "VehicleScene.usda",
    "SmallVehicleScene.usda"
  ],
  "recentIdentifiers" : {
    "5EFD1FBC-EA16-49B8-B101-E0C8A3D6DFBF" : [

    ],
    "AF09ED6F-1707-48FD-8720-65B998362C09" : [

    ],
    "DE6DB9FE-FF0D-4EBD-8CC0-929F961A1235" : [

    ]
  },
  "sceneCameraHistory" : {
    "5EFD1FBC-EA16-49B8-B101-E0C8A3D6DFBF" : [
      {
        "date" : 714598183.12327898,
        "title" : "Untitled",
        "transform" : [
          0.97826403379440308,
          3.9627578996004331e-10,
          0.20736326277256012,
          0,
          0.045273300260305405,
          0.9758753776550293,
          -0.21358288824558258,
          0,
          -0.20236067473888397,
          0.21832847595214844,
          0.95466369390487671,
          0,
          -1.7671836614608765,
          2.1069591045379639,
          5.7279458045959473,
          1
        ]
      },
      {
        "date" : 714595377.17222798,
        "title" : "Untitled",
        "transform" : [
          0.99991703033447266,
          2.3342705546269826e-10,
          0.012881572358310223,
          0,
          0.0033117446582764387,
          0.96638703346252441,
          -0.25707045197486877,
          0,
          -0.012448569759726524,
          0.25709179043769836,
          0.96630680561065674,
          0,
          -0.61702561378479004,
          2.3439531326293945,
          5.89739990234375,
          1
        ]
      },
      {
        "date" : 714595298.68067503,
        "title" : "Untitled",
        "transform" : [
          0.99991703033447266,
          2.3342705546269826e-10,
          0.012881572358310223,
          0,
          0.0033117446582764387,
          0.96638703346252441,
          -0.25707045197486877,
          0,
          -0.012448569759726524,
          0.25709179043769836,
          0.96630680561065674,
          0,
          -0.35819476842880249,
          0.94768303632736206,
          1.7554723024368286,
          1
        ]
      },
      {
        "date" : 714595288.29081404,
        "title" : "Untitled",
        "transform" : [
          0.99991703033447266,
          2.3342705546269826e-10,
          0.012881572358310223,
          0,
          0.0033117446582764387,
          0.96638703346252441,
          -0.25707045197486877,
          0,
          -0.012448569759726524,
          0.25709179043769836,
          0.96630680561065674,
          0,
          -0.55624783039093018,
          1.1523400545120239,
          2.7373871803283691,
          1
        ]
      },
      {
        "date" : 714595281.85251606,
        "title" : "Untitled",
        "transform" : [
          0.99991703033447266,
          2.3342705546269826e-10,
          0.012881572358310223,
          0,
          0.0033117446582764387,
          0.96638703346252441,
          -0.25707045197486877,
          0,
          -0.012448569759726524,
          0.25709179043769836,
          0.96630680561065674,
          0,
          -1.2284791469573975,
          0.86646664142608643,
          2.8047857284545898,
          1
        ]
      },
      {
        "date" : 714595260.20349097,
        "title" : "Untitled",
        "transform" : [
          0.99991703033447266,
          2.3342705546269826e-10,
          0.012881572358310223,
          0,
          0.0033117446582764387,
          0.96638703346252441,
          -0.25707045197486877,
          0,
          -0.012448569759726524,
          0.25709179043769836,
          0.96630680561065674,
          0,
          -0.18575854599475861,
          1.3236403465270996,
          5.753699779510498,
          1
        ]
      },
      {
        "date" : 714595215.45475805,
        "title" : "Untitled",
        "transform" : [
          0.97872662544250488,
          6.2918847909543274e-10,
          -0.20516857504844666,
          0,
          -0.14236050844192505,
          0.72009944915771484,
          -0.67910993099212646,
          0,
          0.14774177968502045,
          0.6938709020614624,
          0.7047804594039917,
          0,
          1.1537908315658569,
          5.1207871437072754,
          6.8557929992675781,
          1
        ]
      },
      {
        "date" : 714595206.57075405,
        "title" : "Untitled",
        "transform" : [
          1,
          0,
          0,
          0,
          0,
          0.86709576845169067,
          -0.49814146757125854,
          0,
          0,
          0.49814146757125854,
          0.86709576845169067,
          0,
          -0.075691796839237213,
          0.89508461952209473,
          2.1785573959350586,
          1
        ]
      },
      {
        "date" : 714595196.34157002,
        "title" : "Untitled",
        "transform" : [
          1,
          0,
          0,
          0,
          0,
          0.86709576845169067,
          -0.49814146757125854,
          0,
          0,
          0.49814146757125854,
          0.86709576845169067,
          0,
          -0.27000558376312256,
          3.1929199695587158,
          7.7712864875793457,
          1
        ]
      },
      {
        "date" : 714595192.68135202,
        "title" : "Untitled",
        "transform" : [
          1,
          0,
          0,
          0,
          0,
          0.86602544784545898,
          -0.49999988079071045,
          0,
          0,
          0.49999988079071045,
          0.86602544784545898,
          0,
          0,
          0.14796805381774902,
          0.25628820061683655,
          1
        ]
      }
    ],
    "6552548C-E595-4890-BD23-A02C86964157" : [
      {
        "date" : 714595187.11749804,
        "title" : "Untitled",
        "transform" : [
          0.99999666213989258,
          0,
          0.0025939913466572762,
          0,
          0.0012969953240826726,
          0.86602544784545898,
          -0.49999821186065674,
          0,
          -0.002246462507173419,
          0.49999988079071045,
          0.86602258682250977,
          0,
          -0.00090926024131476879,
          0.2023758590221405,
          0.35052511096000671,
          1
        ]
      },
      {
        "date" : 714595185.28122306,
        "title" : "Untitled",
        "transform" : [
          0.99999666213989258,
          0,
          0.0025939913466572762,
          0,
          0.0012969953240826726,
          0.86602544784545898,
          -0.49999821186065674,
          0,
          -0.002246462507173419,
          0.49999988079071045,
          0.86602258682250977,
          0,
          -0.0039031882770359516,
          0.86874091625213623,
          1.5046985149383545,
          1
        ]
      },
      {
        "date" : 714595144.67621696,
        "title" : "Untitled",
        "transform" : [
          1,
          0,
          0,
          0,
          0,
          0.86602544784545898,
          -0.49999988079071045,
          0,
          0,
          0.49999988079071045,
          0.86602544784545898,
          0,
          0,
          0.22195227444171906,
          0.38443264365196228,
          1
        ]
      }
    ],
    "AF09ED6F-1707-48FD-8720-65B998362C09" : [
      {
        "date" : 714595127.60344601,
        "title" : "Untitled",
        "transform" : [
          1,
          0,
          0,
          0,
          0,
          0.86602497100830078,
          -0.5000007152557373,
          0,
          0,
          0.5000007152557373,
          0.86602497100830078,
          0,
          -0.037080347537994385,
          3.3748178482055664,
          7.0675344467163086,
          1
        ]
      },
      {
        "date" : 714595118.610618,
        "title" : "Untitled",
        "transform" : [
          1,
          0,
          0,
          0,
          0,
          0.86602497100830078,
          -0.5000007152557373,
          0,
          0,
          0.5000007152557373,
          0.86602497100830078,
          0,
          1.211665153503418,
          8.1336870193481445,
          13.436797142028809,
          1
        ]
      },
      {
        "date" : 714595100.18719101,
        "title" : "Untitled",
        "transform" : [
          1,
          0,
          0,
          0,
          0,
          0.86602497100830078,
          -0.5000007152557373,
          0,
          0,
          0.5000007152557373,
          0.86602497100830078,
          0,
          2.5397005081176758,
          1.6615691184997559,
          2.5253372192382812,
          1
        ]
      },
      {
        "date" : 714595041.50522006,
        "title" : "Untitled",
        "transform" : [
          1,
          0,
          0,
          0,
          0,
          0.86602497100830078,
          -0.5000007152557373,
          0,
          0,
          0.5000007152557373,
          0.86602497100830078,
          0,
          0.28965684771537781,
          3.6566343307495117,
          3.6381025314331055,
          1
        ]
      },
      {
        "date" : 714595015.43097997,
        "title" : "Untitled",
        "transform" : [
          1,
          0,
          0,
          0,
          0,
          0.86602497100830078,
          -0.5000007152557373,
          0,
          0,
          0.5000007152557373,
          0.86602497100830078,
          0,
          0,
          1.7508888244628906,
          1.9227216243743896,
          1
        ]
      },
      {
        "date" : 714490876.07882595,
        "title" : "Untitled",
        "transform" : [
          1,
          0,
          0,
          0,
          0,
          0.86602497100830078,
          -0.5000007152557373,
          0,
          0,
          0.5000007152557373,
          0.86602497100830078,
          0,
          0,
          3.3401229381561279,
          3.6679236888885498,
          1
        ]
      }
    ],
    "DE6DB9FE-FF0D-4EBD-8CC0-929F961A1235" : [
      {
        "date" : 714676654.12907696,
        "title" : "Untitled",
        "transform" : [
          0.99889075756072998,
          -1.2054525155846818e-09,
          -0.047087766230106354,
          0,
          -0.022623799741268158,
          0.87701648473739624,
          -0.47992733120918274,
          0,
          0.041296746581792831,
          0.48046034574508667,
          0.87604367733001709,
          0,
          0.050992533564567566,
          0.42061987519264221,
          0.67015320062637329,
          1
        ]
      },
      {
        "date" : 714676651.58646297,
        "title" : "Untitled",
        "transform" : [
          0.99938517808914185,
          -1.1719407666532788e-09,
          0.035059452056884766,
          0,
          -0.0014568655751645565,
          0.99913626909255981,
          0.041528601199388504,
          0,
          -0.03502916544675827,
          -0.04155413806438446,
          0.99852198362350464,
          0,
          -0.061341322958469391,
          0.18143025040626526,
          0.45254191756248474,
          1
        ]
      },
      {
        "date" : 714618871.93505502,
        "title" : "Untitled",
        "transform" : [
          0.99938517808914185,
          -1.1719407666532788e-09,
          0.035059452056884766,
          0,
          -0.0014568655751645565,
          0.99913626909255981,
          0.041528601199388504,
          0,
          -0.03502916544675827,
          -0.04155413806438446,
          0.99852198362350464,
          0,
          -0.1031578853726387,
          0.034789316356182098,
          0.44497239589691162,
          1
        ]
      },
      {
        "date" : 714618726.46755898,
        "title" : "Untitled",
        "transform" : [
          0.99967437982559204,
          2.0600854355734555e-11,
          -0.025515533983707428,
          0,
          -0.0067176506854593754,
          0.96472024917602539,
          -0.26319116353988647,
          0,
          0.024615354835987091,
          0.26327690482139587,
          0.96440619230270386,
          0,
          -0.077145017683506012,
          0.16716049611568451,
          0.40657895803451538,
          1
        ]
      },
      {
        "date" : 714618715.80649495,
        "title" : "Untitled",
        "transform" : [
          0.99999451637268066,
          0,
          0.0033111509401351213,
          0,
          0.0016494216397404671,
          0.86709576845169067,
          -0.49813872575759888,
          0,
          -0.0028710849583148956,
          0.49814146757125854,
          0.86709100008010864,
          0,
          -0.12008567154407501,
          0.32789760828018188,
          0.22969965636730194,
          1
        ]
      },
      {
        "date" : 714599005.39561903,
        "title" : "Untitled",
        "transform" : [
          0.99999451637268066,
          0,
          0.0033111509401351213,
          0,
          0.0016494216397404671,
          0.86709576845169067,
          -0.49813872575759888,
          0,
          -0.0028710849583148956,
          0.49814146757125854,
          0.86709100008010864,
          0,
          -0.0033804432023316622,
          0.21254898607730865,
          0.2963535487651825,
          1
        ]
      },
      {
        "date" : 714599000.26299,
        "title" : "Untitled",
        "transform" : [
          0.99999451637268066,
          0,
          0.0033111509401351213,
          0,
          0.0016494216397404671,
          0.86709576845169067,
          -0.49813872575759888,
          0,
          -0.0028710849583148956,
          0.49814146757125854,
          0.86709100008010864,
          0,
          -0.0057102162390947342,
          0.35903593897819519,
          0.50059789419174194,
          1
        ]
      },
      {
        "date" : 714598997.73761904,
        "title" : "Untitled",
        "transform" : [
          0.99999451637268066,
          0,
          0.0033111509401351213,
          0,
          0.0016494216397404671,
          0.86709576845169067,
          -0.49813872575759888,
          0,
          -0.0028710849583148956,
          0.49814146757125854,
          0.86709100008010864,
          0,
          -0.063952185213565826,
          4.021061897277832,
          5.6065006256103516,
          1
        ]
      },
      {
        "date" : 714598978.54408205,
        "title" : "Untitled",
        "transform" : [
          0.99999451637268066,
          0,
          0.0033111509401351213,
          0,
          0.0016494216397404671,
          0.86709576845169067,
          -0.49813872575759888,
          0,
          -0.0028710849583148956,
          0.49814146757125854,
          0.86709100008010864,
          0,
          -0.0052518909797072411,
          0.32916784286499023,
          0.45838266611099243,
          1
        ]
      },
      {
        "date" : 714598604.67203605,
        "title" : "Untitled",
        "transform" : [
          0.99999451637268066,
          0,
          0.0033111509401351213,
          0,
          0.0016494216397404671,
          0.86709576845169067,
          -0.49813872575759888,
          0,
          -0.0028710849583148956,
          0.49814146757125854,
          0.86709100008010864,
          0,
          -0.048349741846323013,
          3.0303711891174316,
          4.2199435234069824,
          1
        ]
      }
    ]
  },
  "selectedSceneRelativePath" : "SmallVehicleScene.usda"
}