{
  "advancedEditorSelectedIdentifier" : "ProjectBrowser",
  "openSceneRelativePaths" : [
    "Immersive.usda",
    "Untitled Scene.usda",
    "VehicleScene.usda"
  ],
  "recentIdentifiers" : {
    "5EFD1FBC-EA16-49B8-B101-E0C8A3D6DFBF" : [

    ],
    "AF09ED6F-1707-48FD-8720-65B998362C09" : [

    ]
  },
  "sceneCameraHistory" : {
    "5EFD1FBC-EA16-49B8-B101-E0C8A3D6DFBF" : [
      {
        "date" : 714595377.17222798,
        "title" : "Untitled",
        "transform" : [
          0.99991703033447266,
          2.3342705546269826e-10,
          0.012881572358310223,
          0,
          0.0033117446582764387,
          0.96638703346252441,
          -0.25707045197486877,
          0,
          -0.012448569759726524,
          0.25709179043769836,
          0.96630680561065674,
          0,
          -0.61702561378479004,
          2.3439531326293945,
          5.89739990234375,
          1
        ]
      },
      {
        "date" : 714595298.68067503,
        "title" : "Untitled",
        "transform" : [
          0.99991703033447266,
          2.3342705546269826e-10,
          0.012881572358310223,
          0,
          0.0033117446582764387,
          0.96638703346252441,
          -0.25707045197486877,
          0,
          -0.012448569759726524,
          0.25709179043769836,
          0.96630680561065674,
          0,
          -0.35819476842880249,
          0.94768303632736206,
          1.7554723024368286,
          1
        ]
      },
      {
        "date" : 714595288.29081404,
        "title" : "Untitled",
        "transform" : [
          0.99991703033447266,
          2.3342705546269826e-10,
          0.012881572358310223,
          0,
          0.0033117446582764387,
          0.96638703346252441,
          -0.25707045197486877,
          0,
          -0.012448569759726524,
          0.25709179043769836,
          0.96630680561065674,
          0,
          -0.55624783039093018,
          1.1523400545120239,
          2.7373871803283691,
          1
        ]
      },
      {
        "date" : 714595281.85251606,
        "title" : "Untitled",
        "transform" : [
          0.99991703033447266,
          2.3342705546269826e-10,
          0.012881572358310223,
          0,
          0.0033117446582764387,
          0.96638703346252441,
          -0.25707045197486877,
          0,
          -0.012448569759726524,
          0.25709179043769836,
          0.96630680561065674,
          0,
          -1.2284791469573975,
          0.86646664142608643,
          2.8047857284545898,
          1
        ]
      },
      {
        "date" : 714595260.20349097,
        "title" : "Untitled",
        "transform" : [
          0.99991703033447266,
          2.3342705546269826e-10,
          0.012881572358310223,
          0,
          0.0033117446582764387,
          0.96638703346252441,
          -0.25707045197486877,
          0,
          -0.012448569759726524,
          0.25709179043769836,
          0.96630680561065674,
          0,
          -0.18575854599475861,
          1.3236403465270996,
          5.753699779510498,
          1
        ]
      },
      {
        "date" : 714595215.45475805,
        "title" : "Untitled",
        "transform" : [
          0.97872662544250488,
          6.2918847909543274e-10,
          -0.20516857504844666,
          0,
          -0.14236050844192505,
          0.72009944915771484,
          -0.67910993099212646,
          0,
          0.14774177968502045,
          0.6938709020614624,
          0.7047804594039917,
          0,
          1.1537908315658569,
          5.1207871437072754,
          6.8557929992675781,
          1
        ]
      },
      {
        "date" : 714595206.57075405,
        "title" : "Untitled",
        "transform" : [
          1,
          0,
          0,
          0,
          0,
          0.86709576845169067,
          -0.49814146757125854,
          0,
          0,
          0.49814146757125854,
          0.86709576845169067,
          0,
          -0.075691796839237213,
          0.89508461952209473,
          2.1785573959350586,
          1
        ]
      },
      {
        "date" : 714595196.34157002,
        "title" : "Untitled",
        "transform" : [
          1,
          0,
          0,
          0,
          0,
          0.86709576845169067,
          -0.49814146757125854,
          0,
          0,
          0.49814146757125854,
          0.86709576845169067,
          0,
          -0.27000558376312256,
          3.1929199695587158,
          7.7712864875793457,
          1
        ]
      },
      {
        "date" : 714595192.68135202,
        "title" : "Untitled",
        "transform" : [
          1,
          0,
          -0,
          0,
          -0,
          0.86602544784545898,
          -0.49999988079071045,
          0,
          0,
          0.49999988079071045,
          0.86602544784545898,
          0,
          0,
          0.14796805381774902,
          0.25628820061683655,
          1
        ]
      }
    ],
    "6552548C-E595-4890-BD23-A02C86964157" : [
      {
        "date" : 714595187.11749804,
        "title" : "Untitled",
        "transform" : [
          0.99999666213989258,
          0,
          0.0025939913466572762,
          0,
          0.0012969953240826726,
          0.86602544784545898,
          -0.49999821186065674,
          0,
          -0.002246462507173419,
          0.49999988079071045,
          0.86602258682250977,
          0,
          -0.00090926024131476879,
          0.2023758590221405,
          0.35052511096000671,
          1
        ]
      },
      {
        "date" : 714595185.28122306,
        "title" : "Untitled",
        "transform" : [
          0.99999666213989258,
          0,
          0.0025939913466572762,
          0,
          0.0012969953240826726,
          0.86602544784545898,
          -0.49999821186065674,
          0,
          -0.002246462507173419,
          0.49999988079071045,
          0.86602258682250977,
          0,
          -0.0039031882770359516,
          0.86874091625213623,
          1.5046985149383545,
          1
        ]
      },
      {
        "date" : 714595144.67621696,
        "title" : "Untitled",
        "transform" : [
          1,
          0,
          -0,
          0,
          -0,
          0.86602544784545898,
          -0.49999988079071045,
          0,
          0,
          0.49999988079071045,
          0.86602544784545898,
          0,
          0,
          0.22195227444171906,
          0.38443264365196228,
          1
        ]
      }
    ],
    "AF09ED6F-1707-48FD-8720-65B998362C09" : [
      {
        "date" : 714595127.60344601,
        "title" : "Untitled",
        "transform" : [
          1,
          0,
          0,
          0,
          0,
          0.86602497100830078,
          -0.5000007152557373,
          0,
          0,
          0.5000007152557373,
          0.86602497100830078,
          0,
          -0.037080347537994385,
          3.3748178482055664,
          7.0675344467163086,
          1
        ]
      },
      {
        "date" : 714595118.610618,
        "title" : "Untitled",
        "transform" : [
          1,
          0,
          0,
          0,
          0,
          0.86602497100830078,
          -0.5000007152557373,
          0,
          0,
          0.5000007152557373,
          0.86602497100830078,
          0,
          1.211665153503418,
          8.1336870193481445,
          13.436797142028809,
          1
        ]
      },
      {
        "date" : 714595100.18719101,
        "title" : "Untitled",
        "transform" : [
          1,
          0,
          0,
          0,
          0,
          0.86602497100830078,
          -0.5000007152557373,
          0,
          0,
          0.5000007152557373,
          0.86602497100830078,
          0,
          2.5397005081176758,
          1.6615691184997559,
          2.5253372192382812,
          1
        ]
      },
      {
        "date" : 714595041.50522006,
        "title" : "Untitled",
        "transform" : [
          1,
          0,
          0,
          0,
          0,
          0.86602497100830078,
          -0.5000007152557373,
          0,
          0,
          0.5000007152557373,
          0.86602497100830078,
          0,
          0.28965684771537781,
          3.6566343307495117,
          3.6381025314331055,
          1
        ]
      },
      {
        "date" : 714595015.43097997,
        "title" : "Untitled",
        "transform" : [
          1,
          0,
          0,
          0,
          0,
          0.86602497100830078,
          -0.5000007152557373,
          0,
          0,
          0.5000007152557373,
          0.86602497100830078,
          0,
          0,
          1.7508888244628906,
          1.9227216243743896,
          1
        ]
      },
      {
        "date" : 714490876.07882595,
        "title" : "Untitled",
        "transform" : [
          1,
          0,
          0,
          0,
          0,
          0.86602497100830078,
          -0.5000007152557373,
          0,
          0,
          0.5000007152557373,
          0.86602497100830078,
          0,
          0,
          3.3401229381561279,
          3.6679236888885498,
          1
        ]
      }
    ]
  },
  "selectedSceneRelativePath" : "VehicleScene.usda"
}